#Dummy file for plotEffTest.py

#lep1_HLT_BIT_HLT_Ele27_WPTight_Gsf_v          : HLT_BIT_HLT_Ele27_WPTight_Gsf_v \: LepSel_pt[0]     : [5, 6, 7, 8, 9, 10, 11, 12, 13, 14, 15, 16, 17, 18, 19, 20, 21, 22, 23, 24, 25, 26, 27, 28, 29, 30, 31, 32, 33, 34, 35, 36, 37, 38, 39, 40, 41, 42, 43, 44, 45, 46, 47, 48, 49, 50, 51, 52, 53, 54, 55, 56, 57, 58, 59, 60, 61, 62, 63, 64, 65, 66, 67, 68, 69, 70, 71, 72, 73, 74, 75, 76, 77, 78, 79, 80, 81, 82, 83, 84, 85, 86, 87, 88, 89, 90, 91, 92, 93, 94, 95, 96, 97, 98, 99, 100]*[-0.5,0.5,1.5]  ; YTitle="Leptons", XTitle="p_{T\,cone}(leading lep.)"   , LegendCutoff=1e-4, YMin=0.1, YMax=50000, Logy
#lep2_HLT_BIT_HLT_Ele27_WPTight_Gsf_v          : HLT_BIT_HLT_Ele27_WPTight_Gsf_v \: LepSel_pt[1]     : [5, 6, 7, 8, 9, 10, 11, 12, 13, 14, 15, 16, 17, 18, 19, 20, 21, 22, 23, 24, 25, 26, 27, 28, 29, 30, 31, 32, 33, 34, 35, 36, 37, 38, 39, 40, 41, 42, 43, 44, 45, 46, 47, 48, 49, 50, 51, 52, 53, 54, 55, 56, 57, 58, 59, 60, 61, 62, 63, 64, 65, 66, 67, 68, 69, 70, 71, 72, 73, 74, 75, 76, 77, 78, 79, 80, 81, 82, 83, 84, 85, 86, 87, 88, 89, 90, 91, 92, 93, 94, 95, 96, 97, 98, 99, 100]*[-0.5,0.5,1.5]   ; YTitle="Leptons", XTitle="p_{T\,cone}(subleading lep.)", LegendCutoff=1e-4, YMin=0.1, YMax=50000, Logy

#lep1_HLT_BIT_HLT_Ele23_Ele12_CaloIdL_TrackIdL_IsoVL_DZ_v          : HLT_BIT_HLT_Ele23_Ele12_CaloIdL_TrackIdL_IsoVL_DZ_v \: LepSel_pt[0]     : [5, 6, 7, 8, 9, 10, 11, 12, 13, 14, 15, 16, 17, 18, 19, 20, 21, 22, 23, 24, 25, 26, 27, 28, 29, 30, 31, 32, 33, 34, 35, 36, 37, 38, 39, 40, 41, 42, 43, 44, 45, 46, 47, 48, 49, 50, 51, 52, 53, 54, 55, 56, 57, 58, 59, 60, 61, 62, 63, 64, 65, 66, 67, 68, 69, 70, 71, 72, 73, 74, 75, 76, 77, 78, 79, 80, 81, 82, 83, 84, 85, 86, 87, 88, 89, 90, 91, 92, 93, 94, 95, 96, 97, 98, 99, 100]*[-0.5,0.5,1.5]  ; YTitle="Leptons", XTitle="p_{T\,cone}(leading lep.)"   , LegendCutoff=1e-4, YMin=0.1, YMax=50000, Logy
#lep2_HLT_BIT_HLT_Ele23_Ele12_CaloIdL_TrackIdL_IsoVL_DZ_v          : HLT_BIT_HLT_Ele23_Ele12_CaloIdL_TrackIdL_IsoVL_DZ_v \: LepSel_pt[1]     : [5, 6, 7, 8, 9, 10, 11, 12, 13, 14, 15, 16, 17, 18, 19, 20, 21, 22, 23, 24, 25, 26, 27, 28, 29, 30, 31, 32, 33, 34, 35, 36, 37, 38, 39, 40, 41, 42, 43, 44, 45, 46, 47, 48, 49, 50, 51, 52, 53, 54, 55, 56, 57, 58, 59, 60, 61, 62, 63, 64, 65, 66, 67, 68, 69, 70, 71, 72, 73, 74, 75, 76, 77, 78, 79, 80, 81, 82, 83, 84, 85, 86, 87, 88, 89, 90, 91, 92, 93, 94, 95, 96, 97, 98, 99, 100]*[-0.5,0.5,1.5]   ; YTitle="Leptons", XTitle="p_{T\,cone}(subleading lep.)", LegendCutoff=1e-4, YMin=0.1, YMax=50000, Logy

#lep1_HLT_BIT_HLT_Mu17_TrkIsoVVL_Mu8_TrkIsoVVL_v          : HLT_BIT_HLT_Mu17_TrkIsoVVL_Mu8_TrkIsoVVL_v \: LepSel_pt[0]     : [5, 6, 7, 8, 9, 10, 11, 12, 13, 14, 15, 16, 17, 18, 19, 20, 21, 22, 23, 24, 25, 26, 27, 28, 29, 30, 31, 32, 33, 34, 35, 36, 37, 38, 39, 40, 41, 42, 43, 44, 45, 46, 47, 48, 49, 50, 51, 52, 53, 54, 55, 56, 57, 58, 59, 60, 61, 62, 63, 64, 65, 66, 67, 68, 69, 70, 71, 72, 73, 74, 75, 76, 77, 78, 79, 80, 81, 82, 83, 84, 85, 86, 87, 88, 89, 90, 91, 92, 93, 94, 95, 96, 97, 98, 99, 100]*[-0.5,0.5,1.5]  ; YTitle="Leptons", XTitle="p_{T\,cone}(leading lep.)"   , LegendCutoff=1e-4, YMin=0.1, YMax=50000, Logy
#lep2_HLT_BIT_HLT_Mu17_TrkIsoVVL_Mu8_TrkIsoVVL_v          : HLT_BIT_HLT_Mu17_TrkIsoVVL_Mu8_TrkIsoVVL_v \: LepSel_pt[1]     : [5, 6, 7, 8, 9, 10, 11, 12, 13, 14, 15, 16, 17, 18, 19, 20, 21, 22, 23, 24, 25, 26, 27, 28, 29, 30, 31, 32, 33, 34, 35, 36, 37, 38, 39, 40, 41, 42, 43, 44, 45, 46, 47, 48, 49, 50, 51, 52, 53, 54, 55, 56, 57, 58, 59, 60, 61, 62, 63, 64, 65, 66, 67, 68, 69, 70, 71, 72, 73, 74, 75, 76, 77, 78, 79, 80, 81, 82, 83, 84, 85, 86, 87, 88, 89, 90, 91, 92, 93, 94, 95, 96, 97, 98, 99, 100]*[-0.5,0.5,1.5]   ; YTitle="Leptons", XTitle="p_{T\,cone}(subleading lep.)", LegendCutoff=1e-4, YMin=0.1, YMax=50000, Logy

#lep1_HLT_BIT_HLT_IsoTkMu24_v          : HLT_BIT_HLT_IsoTkMu24_v \: LepSel_pt[0]     : [5, 6, 7, 8, 9, 10, 11, 12, 13, 14, 15, 16, 17, 18, 19, 20, 21, 22, 23, 24, 25, 26, 27, 28, 29, 30, 31, 32, 33, 34, 35, 36, 37, 38, 39, 40, 41, 42, 43, 44, 45, 46, 47, 48, 49, 50, 51, 52, 53, 54, 55, 56, 57, 58, 59, 60, 61, 62, 63, 64, 65, 66, 67, 68, 69, 70, 71, 72, 73, 74, 75, 76, 77, 78, 79, 80, 81, 82, 83, 84, 85, 86, 87, 88, 89, 90, 91, 92, 93, 94, 95, 96, 97, 98, 99, 100]*[-0.5,0.5,1.5]  ; YTitle="Leptons", XTitle="p_{T\,cone}(leading lep.)"   , LegendCutoff=1e-4, YMin=0.1, YMax=50000, Logy
#lep2_HLT_BIT_HLT_IsoTkMu24_v          : HLT_BIT_HLT_IsoTkMu24_v \: LepSel_pt[1]     : [5, 6, 7, 8, 9, 10, 11, 12, 13, 14, 15, 16, 17, 18, 19, 20, 21, 22, 23, 24, 25, 26, 27, 28, 29, 30, 31, 32, 33, 34, 35, 36, 37, 38, 39, 40, 41, 42, 43, 44, 45, 46, 47, 48, 49, 50, 51, 52, 53, 54, 55, 56, 57, 58, 59, 60, 61, 62, 63, 64, 65, 66, 67, 68, 69, 70, 71, 72, 73, 74, 75, 76, 77, 78, 79, 80, 81, 82, 83, 84, 85, 86, 87, 88, 89, 90, 91, 92, 93, 94, 95, 96, 97, 98, 99, 100]*[-0.5,0.5,1.5]   ; YTitle="Leptons", XTitle="p_{T\,cone}(subleading lep.)", LegendCutoff=1e-4, YMin=0.1, YMax=50000, Logy

#lep1_HLT_BIT_HLT_IsoMu24_v          : HLT_BIT_HLT_IsoMu24_v \: LepSel_pt[0]     : [5, 6, 7, 8, 9, 10, 11, 12, 13, 14, 15, 16, 17, 18, 19, 20, 21, 22, 23, 24, 25, 26, 27, 28, 29, 30, 31, 32, 33, 34, 35, 36, 37, 38, 39, 40, 41, 42, 43, 44, 45, 46, 47, 48, 49, 50, 51, 52, 53, 54, 55, 56, 57, 58, 59, 60, 61, 62, 63, 64, 65, 66, 67, 68, 69, 70, 71, 72, 73, 74, 75, 76, 77, 78, 79, 80, 81, 82, 83, 84, 85, 86, 87, 88, 89, 90, 91, 92, 93, 94, 95, 96, 97, 98, 99, 100]*[-0.5,0.5,1.5]  ; YTitle="Leptons", XTitle="p_{T\,cone}(leading lep.)"   , LegendCutoff=1e-4, YMin=0.1, YMax=50000, Logy
#lep2_HLT_BIT_HLT_IsoMu24_v          : HLT_BIT_HLT_IsoMu24_v \: LepSel_pt[1]     : [5, 6, 7, 8, 9, 10, 11, 12, 13, 14, 15, 16, 17, 18, 19, 20, 21, 22, 23, 24, 25, 26, 27, 28, 29, 30, 31, 32, 33, 34, 35, 36, 37, 38, 39, 40, 41, 42, 43, 44, 45, 46, 47, 48, 49, 50, 51, 52, 53, 54, 55, 56, 57, 58, 59, 60, 61, 62, 63, 64, 65, 66, 67, 68, 69, 70, 71, 72, 73, 74, 75, 76, 77, 78, 79, 80, 81, 82, 83, 84, 85, 86, 87, 88, 89, 90, 91, 92, 93, 94, 95, 96, 97, 98, 99, 100]*[-0.5,0.5,1.5]   ; YTitle="Leptons", XTitle="p_{T\,cone}(subleading lep.)", LegendCutoff=1e-4, YMin=0.1, YMax=50000, Logy

#lep1_(HLT_BIT_HLT_Mu17_TrkIsoVVL_TkMu8_TrkIsoVVL_v && run<280919) || (run>=280919 && HLT_BIT_HLT_Mu17_TrkIsoVVL_TkMu8_TrkIsoVVL_DZ_v)          : (HLT_BIT_HLT_Mu17_TrkIsoVVL_TkMu8_TrkIsoVVL_v && run<280919) || (run>=280919 && HLT_BIT_HLT_Mu17_TrkIsoVVL_TkMu8_TrkIsoVVL_DZ_v) \: LepSel_pt[0]     : [5, 6, 7, 8, 9, 10, 11, 12, 13, 14, 15, 16, 17, 18, 19, 20, 21, 22, 23, 24, 25, 26, 27, 28, 29, 30, 31, 32, 33, 34, 35, 36, 37, 38, 39, 40, 41, 42, 43, 44, 45, 46, 47, 48, 49, 50, 51, 52, 53, 54, 55, 56, 57, 58, 59, 60, 61, 62, 63, 64, 65, 66, 67, 68, 69, 70, 71, 72, 73, 74, 75, 76, 77, 78, 79, 80, 81, 82, 83, 84, 85, 86, 87, 88, 89, 90, 91, 92, 93, 94, 95, 96, 97, 98, 99, 100]*[-0.5,0.5,1.5]  ; YTitle="Leptons", XTitle="p_{T\,cone}(leading lep.)"   , LegendCutoff=1e-4, YMin=0.1, YMax=50000, Logy
#lep2_(HLT_BIT_HLT_Mu17_TrkIsoVVL_TkMu8_TrkIsoVVL_v && run<280919) || (run>=280919 && HLT_BIT_HLT_Mu17_TrkIsoVVL_TkMu8_TrkIsoVVL_DZ_v)          : (HLT_BIT_HLT_Mu17_TrkIsoVVL_TkMu8_TrkIsoVVL_v && run<280919) || (run>=280919 && HLT_BIT_HLT_Mu17_TrkIsoVVL_TkMu8_TrkIsoVVL_DZ_v) \: LepSel_pt[1]     : [5, 6, 7, 8, 9, 10, 11, 12, 13, 14, 15, 16, 17, 18, 19, 20, 21, 22, 23, 24, 25, 26, 27, 28, 29, 30, 31, 32, 33, 34, 35, 36, 37, 38, 39, 40, 41, 42, 43, 44, 45, 46, 47, 48, 49, 50, 51, 52, 53, 54, 55, 56, 57, 58, 59, 60, 61, 62, 63, 64, 65, 66, 67, 68, 69, 70, 71, 72, 73, 74, 75, 76, 77, 78, 79, 80, 81, 82, 83, 84, 85, 86, 87, 88, 89, 90, 91, 92, 93, 94, 95, 96, 97, 98, 99, 100]*[-0.5,0.5,1.5]   ; YTitle="Leptons", XTitle="p_{T\,cone}(subleading lep.)", LegendCutoff=1e-4, YMin=0.1, YMax=50000, Logy


#lep1_(HLT_BIT_HLT_Mu8_TrkIsoVVL_Ele23_CaloIdL_TrackIdL_IsoVL_v && run<280919) || (run>=280919 && HLT_BIT_HLT_Mu8_TrkIsoVVL_Ele23_CaloIdL_TrackIdL_IsoVL_DZ_v)          : (HLT_BIT_HLT_Mu8_TrkIsoVVL_Ele23_CaloIdL_TrackIdL_IsoVL_v && run<280919) || (run>=280919 && HLT_BIT_HLT_Mu8_TrkIsoVVL_Ele23_CaloIdL_TrackIdL_IsoVL_DZ_v) \: LepSel_pt[0]     : [5, 6, 7, 8, 9, 10, 11, 12, 13, 14, 15, 16, 17, 18, 19, 20, 21, 22, 23, 24, 25, 26, 27, 28, 29, 30, 31, 32, 33, 34, 35, 36, 37, 38, 39, 40, 41, 42, 43, 44, 45, 46, 47, 48, 49, 50, 51, 52, 53, 54, 55, 56, 57, 58, 59, 60, 61, 62, 63, 64, 65, 66, 67, 68, 69, 70, 71, 72, 73, 74, 75, 76, 77, 78, 79, 80, 81, 82, 83, 84, 85, 86, 87, 88, 89, 90, 91, 92, 93, 94, 95, 96, 97, 98, 99, 100]*[-0.5,0.5,1.5]  ; YTitle="Leptons", XTitle="p_{T\,cone}(leading lep.)"   , LegendCutoff=1e-4, YMin=0.1, YMax=50000, Logy
#lep2_(HLT_BIT_HLT_Mu8_TrkIsoVVL_Ele23_CaloIdL_TrackIdL_IsoVL_v && run<280919) || (run>=280919 && HLT_BIT_HLT_Mu8_TrkIsoVVL_Ele23_CaloIdL_TrackIdL_IsoVL_DZ_v)          : (HLT_BIT_HLT_Mu8_TrkIsoVVL_Ele23_CaloIdL_TrackIdL_IsoVL_v && run<280919) || (run>=280919 && HLT_BIT_HLT_Mu8_TrkIsoVVL_Ele23_CaloIdL_TrackIdL_IsoVL_DZ_v) \: LepSel_pt[1]     : [5, 6, 7, 8, 9, 10, 11, 12, 13, 14, 15, 16, 17, 18, 19, 20, 21, 22, 23, 24, 25, 26, 27, 28, 29, 30, 31, 32, 33, 34, 35, 36, 37, 38, 39, 40, 41, 42, 43, 44, 45, 46, 47, 48, 49, 50, 51, 52, 53, 54, 55, 56, 57, 58, 59, 60, 61, 62, 63, 64, 65, 66, 67, 68, 69, 70, 71, 72, 73, 74, 75, 76, 77, 78, 79, 80, 81, 82, 83, 84, 85, 86, 87, 88, 89, 90, 91, 92, 93, 94, 95, 96, 97, 98, 99, 100]*[-0.5,0.5,1.5]   ; YTitle="Leptons", XTitle="p_{T\,cone}(subleading lep.)", LegendCutoff=1e-4, YMin=0.1, YMax=50000, Logy


#lep1_(HLT_BIT_HLT_Mu23_TrkIsoVVL_Ele8_CaloIdL_TrackIdL_IsoVL_v && run<280919) || (run>=280919 && HLT_BIT_HLT_Mu23_TrkIsoVVL_Ele8_CaloIdL_TrackIdL_IsoVL_DZ_v)          : (HLT_BIT_HLT_Mu23_TrkIsoVVL_Ele8_CaloIdL_TrackIdL_IsoVL_v && run<280919) || (run>=280919 && HLT_BIT_HLT_Mu23_TrkIsoVVL_Ele8_CaloIdL_TrackIdL_IsoVL_DZ_v) \: LepSel_pt[0]     : [5, 6, 7, 8, 9, 10, 11, 12, 13, 14, 15, 16, 17, 18, 19, 20, 21, 22, 23, 24, 25, 26, 27, 28, 29, 30, 31, 32, 33, 34, 35, 36, 37, 38, 39, 40, 41, 42, 43, 44, 45, 46, 47, 48, 49, 50, 51, 52, 53, 54, 55, 56, 57, 58, 59, 60, 61, 62, 63, 64, 65, 66, 67, 68, 69, 70, 71, 72, 73, 74, 75, 76, 77, 78, 79, 80, 81, 82, 83, 84, 85, 86, 87, 88, 89, 90, 91, 92, 93, 94, 95, 96, 97, 98, 99, 100]*[-0.5,0.5,1.5]  ; YTitle="Leptons", XTitle="p_{T\,cone}(leading lep.)"   , LegendCutoff=1e-4, YMin=0.1, YMax=50000, Logy
#lep2_(HLT_BIT_HLT_Mu23_TrkIsoVVL_Ele8_CaloIdL_TrackIdL_IsoVL_v && run<280919) || (run>=280919 && HLT_BIT_HLT_Mu23_TrkIsoVVL_Ele8_CaloIdL_TrackIdL_IsoVL_DZ_v)          : (HLT_BIT_HLT_Mu23_TrkIsoVVL_Ele8_CaloIdL_TrackIdL_IsoVL_v && run<280919) || (run>=280919 && HLT_BIT_HLT_Mu23_TrkIsoVVL_Ele8_CaloIdL_TrackIdL_IsoVL_DZ_v) \: LepSel_pt[1]     : [5, 6, 7, 8, 9, 10, 11, 12, 13, 14, 15, 16, 17, 18, 19, 20, 21, 22, 23, 24, 25, 26, 27, 28, 29, 30, 31, 32, 33, 34, 35, 36, 37, 38, 39, 40, 41, 42, 43, 44, 45, 46, 47, 48, 49, 50, 51, 52, 53, 54, 55, 56, 57, 58, 59, 60, 61, 62, 63, 64, 65, 66, 67, 68, 69, 70, 71, 72, 73, 74, 75, 76, 77, 78, 79, 80, 81, 82, 83, 84, 85, 86, 87, 88, 89, 90, 91, 92, 93, 94, 95, 96, 97, 98, 99, 100]*[-0.5,0.5,1.5]   ; YTitle="Leptons", XTitle="p_{T\,cone}(subleading lep.)", LegendCutoff=1e-4, YMin=0.1, YMax=50000, Logy





lep1_SingleMu          : HLT_BIT_HLT_IsoMu24_v || HLT_BIT_HLT_IsoTkMu24_v \: LepSel_pt[0]     : [5, 6, 7, 8, 9, 10, 11, 12, 13, 14, 15, 16, 17, 18, 19, 20, 21, 22, 23, 24, 25, 26, 27, 28, 29, 30, 31, 32, 33, 34, 35, 36, 37, 38, 39, 40, 41, 42, 43, 44, 45, 46, 47, 48, 49, 50, 51, 52, 53, 54, 55, 56, 57, 58, 59, 60, 61, 62, 63, 64, 65, 66, 67, 68, 69, 70, 71, 72, 73, 74, 75, 76, 77, 78, 79, 80, 81, 82, 83, 84, 85, 86, 87, 88, 89, 90, 91, 92, 93, 94, 95, 96, 97, 98, 99, 100]*[-0.5,0.5,1.5]  ; YTitle="Leptons", XTitle="p_{T\,cone}(leading lep.)"   , LegendCutoff=1e-4, YMin=0.1, YMax=50000, Logy
lep2_SingleMu          : HLT_BIT_HLT_IsoMu24_v || HLT_BIT_HLT_IsoTkMu24_v \: LepSel_pt[1]     : [5, 6, 7, 8, 9, 10, 11, 12, 13, 14, 15, 16, 17, 18, 19, 20, 21, 22, 23, 24, 25, 26, 27, 28, 29, 30, 31, 32, 33, 34, 35, 36, 37, 38, 39, 40, 41, 42, 43, 44, 45, 46, 47, 48, 49, 50, 51, 52, 53, 54, 55, 56, 57, 58, 59, 60, 61, 62, 63, 64, 65, 66, 67, 68, 69, 70, 71, 72, 73, 74, 75, 76, 77, 78, 79, 80, 81, 82, 83, 84, 85, 86, 87, 88, 89, 90, 91, 92, 93, 94, 95, 96, 97, 98, 99, 100]*[-0.5,0.5,1.5]   ; YTitle="Leptons", XTitle="p_{T\,cone}(subleading lep.)", LegendCutoff=1e-4, YMin=0.1, YMax=50000, Logy



